# d_m
# unit = Mpc
0.000000000000000000e+00
4.463544550317045889e+01
8.905489782938225574e+01
1.332572562895571480e+02
1.772414879879027581e+02
2.210066274058907254e+02
2.645517759158707349e+02
3.078761012273641313e+02
3.509788367691716644e+02
3.938592810104417481e+02
4.365167967239183895e+02
4.789508101945635303e+02
5.211608103767936200e+02
5.631463480035542943e+02
6.049070346504400959e+02
6.464425417580415569e+02
6.877525996157016834e+02
7.288369963097613891e+02
7.696955766393900831e+02
8.103282410030043366e+02
8.507349442582125221e+02
8.909156945581808031e+02
9.308705521672111445e+02
9.705996282582691492e+02
1.010103083695087776e+03
1.049381127801420917e+03
1.088434017119888495e+03
1.127262054162804134e+03
1.165865586157244934e+03
1.204245003786559209e+03
1.242400739930366626e+03
1.280333268405069930e+03
1.318043102706730224e+03
1.355530794758108186e+03
1.392796933661555840e+03
1.429842144459347992e+03
1.466667086902949677e+03
1.503272454232622067e+03
1.539658971968661717e+03
1.575827396715512577e+03
1.611778514979846250e+03
1.647513142003692337e+03
1.683032120613525876e+03
1.718336320086233172e+03
1.753426635032718423e+03
1.788303984299879858e+03
1.822969309891620696e+03
1.857423575909426290e+03
1.891667767513061108e+03
1.925702889901794833e+03
1.959529967316552757e+03
1.993150042063303999e+03
2.026564173557964523e+03
2.059773437393005679e+03
2.092778924425948389e+03
2.125581739889849814e+03
2.158183002525846405e+03
2.190583843737779262e+03
2.222785406768910889e+03
2.254788845900632168e+03
2.286595325673142270e+03
2.318206020127917327e+03
2.349622112071878746e+03
2.380844792363031047e+03
2.411875259217429630e+03
2.442714717537196066e+03
2.473364378259379919e+03
2.503825457725371962e+03
2.534099177070623227e+03
2.564186761634322011e+03
2.594089440388769162e+03
2.623808445388088330e+03
2.653345011235953280e+03
2.682700374571984867e+03
2.711875773576464326e+03
2.740872447492985430e+03
2.769691636168714012e+03
2.798334579611841946e+03
2.826802517565886319e+03
2.855096689100453204e+03
2.883218332218063097e+03
2.911168683476696060e+03
2.938948977627630029e+03
2.966560447268225289e+03
2.994004322509255871e+03
3.021281830656422244e+03
3.048394195905642846e+03
3.075342639051803417e+03
3.102128377210520739e+03
3.128752623552622936e+03
3.155216587050946146e+03
3.181521472239097420e+03
3.207668478981828230e+03
3.233658802256691160e+03
3.259493631946595542e+03
3.285174152642988247e+03
3.310701543459249024e+03
3.336076977854056167e+03
3.361301623464340082e+03
3.386376641947561893e+03
3.411303188832955584e+03
3.436082413381508104e+03
3.460715458454305463e+03
3.485203460389015163e+03
3.509547548884199841e+03
3.533748846891196990e+03
3.557808470513292832e+03
3.581727528911929312e+03
3.605507124219706839e+03
3.629148351459904461e+03
3.652652298472311486e+03
3.676020045845110872e+03
3.699252666852596121e+03
3.722351227398502033e+03
3.745316785964735118e+03
3.768150393565276772e+03
3.790853093705087304e+03
3.813425922343779348e+03
3.835869907863899243e+03
3.858186071043608536e+03
3.880375425033590545e+03
3.902438975338021464e+03
3.924377719799416809e+03
3.946192648587199528e+03
3.967884744189823778e+03
3.989454981410321125e+03
4.010904327365090467e+03
4.032233741485805695e+03
4.053444175524301954e+03
4.074536573560298621e+03
4.095511872011838022e+03
4.116370999648299403e+03
4.137114877605883521e+03
4.157744419405443296e+03
4.178260530972534980e+03
4.198664110659616199e+03
4.218956049270228505e+03
4.239137230085127158e+03
4.259208528890202615e+03
4.279170814006159162e+03
4.299024946319772425e+03
4.318771779316745778e+03
4.338412159115986469e+03
4.357946924505282368e+03
4.377376906978271109e+03
4.396702930772617037e+03
4.415925812909370507e+03
4.435046363233379452e+03
4.454065384454733248e+03
4.472983672191135156e+03
4.491802015011189724e+03
4.510521194478491452e+03
4.529141985196495625e+03
4.547665154854100365e+03
4.566091464271889890e+03
4.584421667448992594e+03
4.602656511610503003e+03
4.620796737255395783e+03
4.638843078204946323e+03
4.656796261651560599e+03
4.674657008207981562e+03
4.692426031956852057e+03
4.710104040500606970e+03
4.727691735011595483e+03
4.745189810282478902e+03
4.762598954776823120e+03
4.779919850679843876e+03
4.797153173949333905e+03
4.814299594366677411e+03
4.831359775587950935e+03
4.848334375195106077e+03
4.865224044747162225e+03
4.882029429831428388e+03
4.898751170114705928e+03
4.915389899394467648e+03
4.931946245649964112e+03
4.948420831093278139e+03
4.964814272220275598e+03
4.981127179861440709e+03
4.997360159232601291e+03
5.013513809985498483e+03
5.029588726258199131e+03
5.045585496725341727e+03
5.061504704648181360e+03
5.077346927924466399e+03
5.093112739138057805e+03
5.108802705608368342e+03
5.124417389439543513e+03
5.139957347569405101e+03
5.155423131818149159e+03
5.170815288936745674e+03
5.186134360655135424e+03
5.201380883730058486e+03
5.216555389992679920e+03
5.231658406395864404e+03
5.246690455061167086e+03
5.261652053325533416e+03
5.276543713787661545e+03
5.291365944354063686e+03
5.306119248284799141e+03
5.320804124238877193e+03
5.335421066319346210e+03
5.349970564118013499e+03
5.364453102759867761e+03
5.378869162947125915e+03
5.393219221002967970e+03
5.407503748914886273e+03
5.421723214377727345e+03
5.435878080836351728e+03
5.449968807527954596e+03
5.463995849524039841e+03
5.477959657772011269e+03
5.491860679136450017e+03
5.505699356439996336e+03
5.519476128503888503e+03
5.533191430188148843e+03
5.546845692431425050e+03
5.560439342290413151e+03
5.573972802979010339e+03
5.587446493907036711e+03
5.600860830718644138e+03
5.614216225330336783e+03
5.627513085968670566e+03
5.640751817207562453e+03
5.653932820005273243e+03
5.667056491741012906e+03
5.680123226251226697e+03
5.693133413865494731e+03
5.706087441442098680e+03
5.718985689352846748e+03
5.731828543615550188e+03
5.744616377935200035e+03
5.757349565633589009e+03
5.770028476733871685e+03
5.782653477994073910e+03
5.795224932940254803e+03
5.807743201899350424e+03
5.820208642031670024e+03
5.832621607363071234e+03
5.844982448816802389e+03
5.857291514245011967e+03
5.869549148459955177e+03
5.881755693264849469e+03
5.893911487484434474e+03
5.906016866995203600e+03
5.918072164755323683e+03
5.930077710834234495e+03
5.942033832441954473e+03
5.953940853958077241e+03
5.965799096960425231e+03
5.977608880253469579e+03
5.989370519896388032e+03
6.001084329230853655e+03
6.012750618908532488e+03
6.024369696918267437e+03
6.035941868613004772e+03
6.047467436736395030e+03
6.058946701449141074e+03
6.070379960355052390e+03
6.081767508526811980e+03
6.093109638531485871e+03
6.104406640455732486e+03
6.115658801930771006e+03
6.126866408157048681e+03
6.138029741928672593e+03
6.149149083657548545e+03
6.160224711397290775e+03
6.171256900866834258e+03
6.182245925473820535e+03
6.193192056337737085e+03
6.204095562312754737e+03
6.214956710010383176e+03
6.225775763821836335e+03
6.236552985940163126e+03
6.247288636382153527e+03
6.257982973009970010e+03
6.268636251552594331e+03
6.279248725626993291e+03
6.289820646759084411e+03
6.300352264404451489e+03
6.310843825968849160e+03
6.321295576828481899e+03
6.331707760350049284e+03
6.342080617910580258e+03
6.352414388917074575e+03
6.362709310825866851e+03
6.372965619161848736e+03
6.383183547537440063e+03
6.393363327671363550e+03
6.403505189407209400e+03
6.413609360731813467e+03
6.423676067793409857e+03
6.433705534919595266e+03
6.443697984635117791e+03
6.453653637679432904e+03
6.463572713024092991e+03
6.473455427889955899e+03
6.483301997764159751e+03
6.493112636416971327e+03
6.502887555918415273e+03
6.512626966654723219e+03
6.522331077344613732e+03
6.532000095055384918e+03
6.541634225218855136e+03
6.551233671647089977e+03
6.560798636547983733e+03
6.570329320540683511e+03
6.579825922670808723e+03
6.589288640425539597e+03
6.598717669748524713e+03
6.608113205054612081e+03
6.617475439244474728e+03
6.626804563719005273e+03
6.636100768393604085e+03
6.645364241712294643e+03
6.654595170661689735e+03
6.663793740784814872e+03
6.672960136194752522e+03
6.682094539588177213e+03
6.691197132258717829e+03
6.700268094110188940e+03
6.709307603669668424e+03
6.718315838100444125e+03
6.727292973214819540e+03
6.736239183486771253e+03
6.745154642064483596e+03
6.754039520782744148e+03
6.762893990175200997e+03
6.771718219486489033e+03
6.780512376684238916e+03
6.789276628470945070e+03
6.798011140295697260e+03
6.806716076365820300e+03
6.815391599658347332e+03
6.824037871931394875e+03
6.832655053735433285e+03
6.841243304424391681e+03
6.849802782166674660e+03
6.858333643956060769e+03
6.866836045622487291e+03
6.875310141842699522e+03
6.883756086150812735e+03
6.892174030948737709e+03
6.900564127516535336e+03
6.908926526022603866e+03
6.917261375533817954e+03
6.925568824025507638e+03
6.933849018391374557e+03
6.942102104453284483e+03
6.950328226970953438e+03
6.958527529651537407e+03
6.966700155159129281e+03
6.974846245124142115e+03
6.982965940152593248e+03
6.991059379835308391e+03
6.999126702757022031e+03
7.007168046505367784e+03
7.015183547679795083e+03
7.023173341900378546e+03
7.031137563816553666e+03
7.039076347115736098e+03
7.046989824531877275e+03
7.054878127853908154e+03
7.062741387934114755e+03
7.070579734696415471e+03
7.078393297144553799e+03
7.086182203370217394e+03
7.093946580561055271e+03
7.101686555008622236e+03
7.109402252116243289e+03
7.117093796406809815e+03
7.124761311530451167e+03
7.132404920272174422e+03
7.140024744559413193e+03
7.147620905469490936e+03
7.155193523237000591e+03
7.162742717261140569e+03
7.170268606112936141e+03
7.177771307542416253e+03
7.185250938485711231e+03
7.192707615072063163e+03
7.200141452630787171e+03
7.207552565698156286e+03
7.214941068024190827e+03
7.222307072579428677e+03
7.229650691561569147e+03
7.236972036402119556e+03
7.244271217772889031e+03
7.251548345592492296e+03
7.258803529032756160e+03
7.266036876525065964e+03
7.273248495766633823e+03
7.280438493726722299e+03
7.287606976652818048e+03
7.294754050076704516e+03
7.301879818820502805e+03
7.308984387002661606e+03
7.316067858043842534e+03
7.323130334672803656e+03
7.330171918932185690e+03
7.337192712184251832e+03
